$ANSIBLE_VAULT;1.1;AES256
62393435383862636137613661383666393437613234303436643930643532373036343931373261
6239366464353963373931323830386164666630653436390a316233313265343833616333633839
31316530386263316164663632666562353365366430373735663265646433646638353862643462
3461386132346236390a393463303138373237376531363065653834363962303538323138326236
34353761663539646532373261343334376164306637613864393935346364353130396665386235
33386161303733316661363263353666353863383934313436353166326534356163363861353762
33663539643239373662326436356630646562363034343133656530613034663336663134653362
64613334373633346632343464373563343035343937363735326563636465363936336562653566
36343731343933326332363766303131336236393732323362623932623466343930643430363137
36353563623034613965343563393930663338323335363463396539663338393566323735336431
36653762383131353138616266643735333536646664343865663533656365646339633231313632
31343937306137363038656435633635303130616131353530333531306538386639633565343838
63656332306666323733626131653166383036336533356135613238633862333666
